16323
12171
14372
11486
12220
9143
9303
9426
8811
8871
8563
7708
7676
9175
8100
8785
5983
7672
5355
5715
5307
4910
4266
3348
4337
5207
3609
4460
5905
3737
4024
4803
4492
2597
2901
3488
4206
4146
2781
2524
4304
3278
2576
2473
2849
4930
2881
3100
2510
2134
3710
2952
2818
3055
3055
2091
2225
2069
2017
2100
2350
2146
3135
3258
1953
1876
2197
2777
1907
1621
2392
1639
1979
1810
1519
2752
2137
2387
2394
2173
1720
1840
1789
1734
2699
1821
1938
2256
1777
1947
1415
1685
1337
2361
1725
1601
2923
1487
2124
2243
2779
2263
1578
1363
1745
1036
1798
1581
1725
1776
1564
2525
1261
1554
1829
2327
1715
1338
1840
1720
1776
1407
1556
1528
2424
1175
1514
971
1389
1378
1454
2181
1085
1469
1635
1043
794
2194
1199
1749
821
761
1379
1964
1162
1641
1666
1335
1979
1564
1717
1177
1436
1405
1235
1647
925
982
1476
1358
1482
723
1556
1348
1291
1722
1737
1347
708
1116
1652
862
1314
557
1897
796
1479
1177
1069
507
1046
1204
1248
943
1062
690
957
831
1249
1243
855
1039
1813
1650
1112
1722
1144
1021
933
929
565
1352
572
873
1598
525
1062
969
1352
737
1213
1409
843
1933
664
1116
995
1368
649
1142
857
903
1175
771
1307
1408
631
1023
885
984
1707
1460
888
1081
999
1078
1099
769
945
638
728
999
956
954
1034
1234
1012
885
898
932
1616
870
662
967
1160
606
1107
946
919
556
442
1079
678
842
447
874
1079
645
860
1033
669
1039
924
873
533
1314
989
1027
1006
1085
592
1158
888
1031
887
779
435
644
843
683
664
549
970
1389
950
1190
1173
979
1061
1186
913
451
673
718
722
1186
858
737
660
530
1367
1019
286
788
619
943
1512
868
587
500
757
490
1170
1695
245
966
683
726
779
573
217
1321
1111
608
1167
500
1472
849
374
335
440
893
640
1070
453
702
1371
682
557
842
1014
950
730
866
657
897
709
810
789
737
484
696
789
252
855
1688
270
994
352
435
726
778
683
1061
469
561
487
492
543
566
605
943
606
940
491
629
1169
824
400
417
862
526
772
718
445
127
629
278
543
580
421
1000
440
797
558
1058
638
1064
570
908
693
645
967
389
701
591
672
886
1040
894
805
609
1059
622
837
1060
930
512
857
859
877
793
945
483
1009
593
300
897
1055
431
927
434
846
595
884
1085
641
727
409
856
302
727
509
537
322
602
720
369
310
321
286
126
849
78
756
204
354
842
300
631
299
463
835
494
326
395
628
1028
491
650
745
851
857
545
332
438
596
673
270
115
203
337
423
531
390
472
95
675
941
309
165
526
704
574
151
471
721
651
621
599
623
787
889
315
273
332
499
683
736
815
331
729
887
434
288
399
588
657
512
490
570
1114
501
347
455
184
187
165
946
796
322
433
594
367
452
185
404
689
639
110
384
592
576
607
1167
217
411
924
687
566
258
204
608
389
657
220
173
579
373
345
1043
560
550
791
415
382
894
824
466
791
601
429
548
687
812
381
703
750
728
89
475
984
544
423
1018
909
1079
325
198
506
892
109
509
808
440
482
404
406
684
263
1154
646
529
859
528
510
684
417
230
774
235
344
739
365
607
382
289
92
539
865
928
473
280
405
438
444
802
569
374
791
802
755
293
779
108
352
673
334
713
1142
558
922
478
622
327
331
384
656
833
308
357
663
497
391
360
1031
326
368
473
494
424
262
323
420
779
818
462
652
429
216
556
737
399
461
395
242
254
511
763
278
748
903
348
825
583
642
534
452
418
154
347
548
1058
785
635
169
402
1181
1059
624
725
669
1307
455
200
752
509
674
915
401
206
1299
416
127
168
586
447
324
283
278
163
250
547
318
478
402
719
363
98
126
141
391
712
257
74
285
351
344
213
269
288
462
407
503
370
541
776
108
505
507
396
381
58
204
425
696
417
516
219
196
594
546
99
528
580
99
191
223
337
305
569
690
96
85
224
551
441
298
225
94
366
149
436
192
356
508
173
442
601
130
326
104
138
505
393
525
368
150
478
673
556
199
184
129
476
328
276
239
381
317
552
460
487
383
254
354
293
517
187
105
102
481
252
203
129
798
122
372
466
61
1267
190
214
279
300
62
67
192
531
735
128
178
420
384
394
544
519
243
579
264
183
398
100
96
605
495
465
379
460
455
367
57
174
474
468
228
527
539
304
451
194
559
106
196
366
199
509
626
392
1053
430
641
325
404
324
239
745
97
111
365
256
712
587
128
254
262
157
494
112
295
468
229
212
287
328
376
187
222
554
415
113
316
352
335
169
417
269
231
114
416
308
319
362
815
60
265
127
735
606
554
412
334
314
493
652
654
421
319
597
200
604
218
239
527
229
809
276
345
379
662
751
212
268
323
170
238
574
345
433
405
128
396
548
628
233
191
424
264
301
140
172
386
352
139
61
304
214
608
145
236
138
479
390
396
394
333
683
325
